version https://git-lfs.github.com/spec/v1
oid sha256:eeb228c8e536c4d66b4e770acc8f52ef5b19b439705418679fac68d05dca99ad
size 2616800
